Year,BRAZIL_REAL-US,CANADA_DOLLAR-US,CHINA_YUAN-US,DENMARK_KRONE-US,HONGKONG_DOLLAR-US,INDIA_RUPEE-US,JAPAN_YEN-US,MALAYSIA_RINGGIT-US,MEXICO_PESO-US,NORWAY_KRONE-US,SOUTHAFRICA_RAND-US,SINGAPORE_DOLLAR-US,SOUTHKOREA_WON-US,SRILANKA_RUPEE-US,SWEDEN_KRONA-US,SWITZERLAND_FRANC-US,TAIWAN_DOLLAR-US,THAILAND_BAHT-US,VENEZUELA_BOLIVAR-US,AUSTRALIA_DOLLAR-US,EMUCOUNTRIES_EURO-US,NEWZEALAND_DOLLAR-US,UNITEDKINGDOM_POUND-US
2000,1.8309750000000002,1.4855166666666664,8.278416666666667,8.093774999999999,7.792366666666666,45.000933333333336,107.82130833333332,3.7999999999999994,9.459000000000001,8.810858333333334,6.94695,1.724891666666667,1131.3796833333333,76.98278333333333,9.175116666666666,1.6898916666666668,31.268941666666674,40.22184166666667,0.680475,1.7194933226342637,1.082964072666889,2.1892616715012863,0.6596958801992281
2001,2.353066666666667,1.5490166666666667,8.277008333333333,8.329524999999999,7.799683333333333,47.22762499999999,121.51926666666667,3.800008333333333,9.340833333333334,8.993266666666665,8.625541666666667,1.79255,1291.672025,89.617125,10.34365,1.6880166666666667,33.825325,44.50626666666667,0.7243499999999999,1.934485426876451,1.1166945840312676,2.380055137944029,0.6944203326273393
2002,2.9234750000000003,1.5705916666666668,8.27705,7.887083333333334,7.799599999999999,48.62203333333333,125.26687499999998,3.800016666666666,9.664816666666667,7.985616666666668,10.518791666666667,1.7908999999999997,1250.490625,95.75568333333332,9.722991666666667,1.5570916666666668,34.54400833333333,43.0315,1.1613166666666666,1.8393341610337057,1.057855902395162,2.153084293250081,0.6656017039403619
2003,3.079283333333333,1.4011666666666667,8.277183333333332,6.579325000000001,7.787491666666667,46.594675,115.91664166666665,3.7999999999999994,10.796758333333335,7.079058333333333,7.556875000000001,1.7427333333333335,1191.9780083333333,96.54179166666665,8.080125,1.3451583333333332,34.404808333333335,41.555099999999996,1.6137916666666667,1.5330173614216183,0.8836198961746624,1.7173524150268333,0.6117112111372222
2004,2.926666666666666,1.301575,8.2768,5.988558333333334,7.788816666666666,45.27628333333333,108.15692500000002,3.7999999999999994,11.289983333333332,6.741399999999999,6.448,1.6902249999999999,1145.8962166666668,101.25455833333335,7.346883333333333,1.242816666666667,33.38009999999999,40.273691666666664,1.883933333333333,1.3571897125019794,0.8039393025826551,1.504947514955416,0.5456852214799893
2005,2.4341916666666665,1.2114833333333335,8.194,5.996474999999999,7.777458333333333,44.011275000000005,110.13839166666666,3.787058333333333,10.895108333333333,6.443425,6.3598833333333324,1.6641583333333336,1024.1947166666666,100.38440833333334,7.473266666666667,1.2462083333333334,32.14680833333333,40.24645833333333,2.104716666666667,1.3115327446008567,0.8034387177118065,1.419077126841844,0.5494983537945151
2006,2.1738,1.134375,7.972033333333333,5.943766666666666,7.768125000000002,45.17219166666667,116.34975833333333,3.6663416666666664,10.900616666666666,6.413483333333333,6.764849999999999,1.5884166666666666,954.2451499999999,103.94203333333333,7.3731,1.2535166666666666,32.505975,37.87629166666667,2.144591666666667,1.3269345600106155,0.7961889090884965,1.538579890760828,0.542613225293011
2007,1.9468500000000002,1.0741833333333335,7.605933333333334,5.4421833333333325,7.8017249999999985,41.19918333333334,117.76548333333331,3.435658333333334,10.928316666666667,5.8579083333333335,7.0479666666666665,1.5065916666666663,929.0594666666666,110.58255000000001,6.756183333333333,1.199925,32.85100833333333,32.212141666666675,2.1446,1.192333296900927,0.729447808009337,1.358111319857851,0.4995878400319737
2008,1.835358333333333,1.0667666666666666,6.9482333333333335,5.096308333333333,7.786008333333332,43.41142500000001,103.37935,3.331149999999999,11.155724999999999,5.646425000000001,8.25955,1.4149833333333335,1100.4816500000002,108.30844166666667,6.595783333333333,1.0829,31.53758333333333,32.96960833333333,2.1446,1.1733416770963705,0.680063926009045,1.3999556680705112,0.5399033572990435
2009,1.9991166666666669,1.141441666666667,6.830733333333332,5.3588499999999994,7.751433333333335,48.31947499999999,93.59955000000001,3.5225166666666663,13.50394166666667,6.291249999999999,8.423283333333332,1.4542083333333335,1274.9818666666667,114.89819999999999,7.65285,1.08605,33.02274166666667,34.310916666666664,2.1444666666666667,1.2623074981065385,0.7177419837192195,1.5738324130785475,0.6388993893186671
2010,1.7602083333333336,1.030125,6.768958333333334,5.620316666666667,7.768575000000001,45.65086666666667,87.750225,3.2188916666666674,12.627258333333335,6.04085,7.316208333333335,1.3627500000000001,1155.3872,112.992475,7.201241666666667,1.042625,31.49195,31.698283333333336,4.233058333333332,1.0865136493277197,0.7532389273877674,1.385025565263559,0.6466144345895616
2011,1.673725,0.9890249999999999,6.463266666666667,5.357749999999999,7.783908333333334,46.61216666666667,79.71171666666666,3.057658333333334,12.436433333333332,5.6064500000000015,7.259666666666665,1.2572083333333335,1107.4226916666664,110.48191666666666,6.49175,0.8876249999999999,29.389558333333337,30.471675000000005,4.289341666666666,0.9681791776931516,0.7183693016851747,1.2629983581021345,0.6235677428406627
2012,1.953025,0.9994083333333336,6.308458333333333,5.790125,7.756841666666667,53.35910833333333,79.81079166666666,3.085691666666667,13.150566666666668,5.816191666666666,8.203133333333334,1.2489583333333332,1125.7386249999997,127.44858333333333,6.770025,0.9374250000000001,29.55397500000001,31.050158333333332,4.289341666666666,0.9651112290691503,0.7773933999300346,1.233400485137524,0.6306959730062123
2013,2.1570083333333336,1.0299916666666669,6.148033333333333,5.615524999999999,7.7564833333333345,58.525499999999994,97.56168333333333,3.149266666666667,12.765025,5.876033333333335,9.644175000000002,1.25095,1094.2033083333333,129.04801666666668,6.5117666666666665,0.9266166666666668,29.677241666666664,30.704025,6.065558333333333,1.032595601142739,0.7527286413248024,1.218731909448219,0.6390797251957181
2014,2.3544000000000005,1.1046833333333335,6.160658333333331,5.618258333333334,7.754516666666665,61.017383333333335,105.85664166666669,3.2713083333333333,13.3073,6.302116666666667,10.846933333333332,1.2669916666666665,1053.1163833333333,130.54399999999998,6.8612166666666665,0.91515,30.30583333333334,32.468825,6.284199999999999,1.1077468429214978,0.7524879131628948,1.2038885600489582,0.6069956245732061
2015,3.3326833333333337,1.2788083333333333,6.283016666666668,6.723641666666666,7.752391666666667,64.10292500000001,121.01826666666666,3.9039749999999995,15.866575,8.064625000000001,12.758125,1.3746,1130.6933083333333,135.87640000000002,8.4335,0.9627250000000002,31.75045,34.23939166666666,6.284199999999999,1.329124439275627,0.9008670845688976,1.4279084710670047,0.6542254788112722
2016,3.4884416666666667,1.3255833333333331,6.641674999999999,6.730900000000002,7.762200000000001,67.16683333333333,108.757175,4.141075,18.67749166666667,8.397808333333334,14.692383333333332,1.3809583333333333,1159.925,145.728475,8.5605,0.9852083333333331,32.237391666666674,35.275016666666666,9.252933333333333,1.344176355937899,0.9036008493847983,1.4341029685931452,0.7380482314519254
2017,3.1909916666666667,1.2978583333333333,6.756383333333335,6.597883333333332,7.792224999999999,65.10150833333334,112.13693333333332,4.298266666666666,18.916591666666665,8.26825,13.302483333333333,1.3804333333333332,1129.2341333333331,152.41345833333332,8.545666666666667,0.9845416666666665,30.41173333333333,33.91825,9.974999999999998,1.303837628753966,0.8851972883456399,1.4063378961185076,0.7757049218477291
2018,3.6539416666666664,1.2960583333333333,6.612266666666668,6.314675,7.837108333333333,68.40182500000002,110.43084166666665,4.0326249999999995,19.230241666666668,8.137058333333334,13.238516666666667,1.348841666666667,1099.5793083333333,162.510525,8.694025,0.9781333333333332,30.13473333333333,32.3046,241713.666325,1.3370473537604457,0.8464175377713825,1.4431055631719463,0.7486617670913243
2019,3.942341666666666,1.3268416666666665,6.907033333333334,6.669266666666666,7.835091666666667,70.40413333333335,109.02806666666667,4.14075,19.248383333333333,8.799316666666668,14.440566666666667,1.363875,1164.98705,178.566025,9.456433333333333,0.9937083333333333,30.89911666666666,31.038908333333335,13287.085250000002,1.437969586943236,0.8931694863531144,1.516741029108788,0.7828656798209847
2020,5.1574583333333335,1.3413583333333332,6.899908333333333,6.541399999999999,7.756033333333334,74.11025833333333,106.76456666666665,4.2005333333333335,21.499475,9.418966666666666,16.464533333333335,1.3794833333333332,1179.599475,185.28009166666666,9.2106,0.9387666666666666,29.44751666666666,31.292099999999994,314047.6326166666,1.4483832422058878,0.8761810189985252,1.537633581917429,0.7789880944652895
2021,5.372281818181818,1.251181818181818,6.45721818181818,6.261454545454546,7.77009090909091,73.79327272727272,109.40391818181818,4.135745454545455,20.222854545454542,8.558618181818181,14.682563636363636,1.3416999999999997,1140.962027272727,197.4316272727273,8.530445454545456,0.9132181818181819,27.950809090909093,31.839381818181813,2672816.2168090907,1.3245352085540891,0.8416091567076249,1.4078197990657193,0.724513587923017
